PLATFORM 0 -4.433333333333334 6.4 9.0 1.5
PLATFORM 1 -4.500000000000001 2.400000000000001 9.0 1.5
PLATFORM 2 2.733333333333333 -6.600000000000014 9.0 1.5
PLATFORM 3 2.6333333333333337 -18.533333333333125 9.0 1.5
PLATFORM 4 2.7621359223301063 -33.71456310679619 9.0 1.5
PLATFORM 5 2.858083832335341 -50.32934131736545 9.0 1.5
PLATFORM 6 -3.600000000000086 -68.62068965517258 9.0 1.5
PLATFORM 7 -6.086440677966271 -84.96949152542422 9.0 1.5
PLATFORM 8 -52.900000000001036 -95.17499999999956 9.0 1.5
PLATFORM 9 -53.46605504587157 -140.07064220183284 9.0 1.5
PLATFORM 10 -53.876190476190544 -154.74761904761905 9.0 1.5
PLATFORM 11 -54.2695652173913 -198.44999999999857 9.0 1.5
PLATFORM 12 -45.84444444444435 -221.16666666666552 9.0 1.5
PLATFORM 13 -45.88235294117642 -262.9411764705884 9.0 1.5
PLATFORM 14 -30.35593220338962 -273.2542372881356 9.0 1.5
PLATFORM 15 -26.154198473282573 -292.8702290076371 9.0 1.5
PLATFORM -1 -26.698360655738043 -401.38196721312283 18.0 3.0
STAR 0 2.6371257485030104 -28.401197604790525
STAR 1 2.2125748502993288 -43.023952095808475
STAR 2 -4.423728813559483 -74.10169491525433
STAR 3 -2.0355932203391087 -78.40847457627136
STAR 4 -43.225000000000605 -90.57499999999952
STAR 5 -52.1550458715596 -129.52018348623875
STAR 6 -54.47619047619048 -172.54285714285703
STAR 7 -54.68095238095239 -182.95238095238096
STAR 8 -52.211111111111094 -206.08888888888887
STAR 9 -45.97777777777776 -232.20000000000002
STAR 10 -46.111864406779695 -277.113559322034
STAR 11 -26.967213114754415 -346.3278688524596
STAR 12 -26.311475409836365 -323.0491803278688
STAR 13 -25.32786885245929 -305.0163934426224
STAR 14 -27.39999999999992 -371.5333333333334
FUEL -3.0333333333334025 -2.266666666666546
FUEL 2.530097087378656 -26.155339805825264
FUEL 8.440718562874235 -47.20059880239534
FUEL -3.4952095808384884 -47.240718562874385
FUEL -3.4067796610170937 -76.19661016949162
FUEL -6.125000000000003 -90.6250000000002
FUEL -31.375000000000284 -88.72499999999972
FUEL -55.07522935779818 -116.41651376146706
FUEL -59.82608695652176 -160.77391304347807
FUEL -47.704347826086924 -160.77826086956532
FUEL -52.98095238095237 -173.2142857142856
FUEL -56.185714285714326 -183.80952380952385
FUEL -53.48888888888888 -209.91111111111118
FUEL -46.13333333333332 -235.0
FUEL -46.54186046511627 -253.50697674418555
FUEL -47.81720430107531 -276.8612903225815
FUEL -7.873282442747902 -271.93740458015276
FUEL 5.940170940171122 -279.07948717948705
FUEL -27.131147540983928 -335.1803278688527
FUEL -25.655737704918316 -315.8360655737702
FUEL -24.836065573770753 -299.770491803278
FUEL -27.622950819672468 -354.6885245901647
FUEL -27.399999999999924 -375.00000000000017
CLOUD 2.566666666666665 -13.866666666666589 1.7000000000000004
CLOUD -0.9223300970873847 -24.359223300970882 0.5
CLOUD 2.572815533980599 -24.310679611650492 0.5
CLOUD 6.165048543689361 -24.310679611650492 0.5
CLOUD 0.22524271844660745 -28.60000000000004 1.0999999999999999
CLOUD 5.117475728155366 -28.651456310679656 1.0999999999999999
CLOUD -0.8610778443114973 -46.27604790419174 1.2
CLOUD 5.645508982035895 -46.319161676646836 1.2
CLOUD 2.4329341317364523 -46.15808383233546 1.8000000000000003
CLOUD 2.4928143712574107 -39.449101796407234 1.7000000000000004
CLOUD -0.5655172413793234 -53.10344827586203 1.9000000000000004
CLOUD -12.900000000000189 -58.68620689655177 1.2
CLOUD 2.951724137931069 -55.486206896551714 1.9000000000000004
CLOUD 6.451724137931088 -57.82413793103451 1.9000000000000004
CLOUD -0.2758620689655209 -61.64827586206914 2.0000000000000004
CLOUD -6.196551724138025 -61.63103448275882 2.0000000000000004
CLOUD -6.966101694915455 -74.00847457627124 1.5
CLOUD -5.2711864406781395 -77.14576271186459 1.5
CLOUD -3.5762711864408256 -80.37288135593239 1.4000000000000001
CLOUD 1.279661016949027 -73.89152542372881 4.4
CLOUD -45.175000000000665 -95.05000000000001 2.2000000000000006
CLOUD -39.825000000000486 -94.42500000000018 2.700000000000001
CLOUD -33.6250000000004 -93.72500000000022 3.300000000000001
CLOUD -26.20000000000027 -92.87500000000026 3.800000000000002
CLOUD -16.75000000000023 -93.25000000000003 5.399999999999997
CLOUD -43.3250000000006 -87.04999999999998 1.8000000000000005
CLOUD -4.699999999999777 -98.86440677966108 7.39999999999999
CLOUD -47.97889908256871 -99.1376146788989 1.6000000000000003
CLOUD -58.23669724770649 -99.03669724770616 1.5000000000000002
CLOUD -57.75412844036704 -103.25688073394477 1.8000000000000005
CLOUD -48.311926605504496 -102.84036697247691 1.9000000000000004
CLOUD -57.87889908256887 -107.01834862385309 1.9000000000000006
CLOUD -48.34587155963293 -106.96880733944946 2.1000000000000005
CLOUD -61.79816513761481 -113.16513761467887 4.799999999999999
CLOUD -48.770642201834775 -111.4146788990826 1.9000000000000006
CLOUD -47.78715596330265 -118.27706422018348 4.5
CLOUD -61.70642201834875 -120.94587155963306 2.3000000000000007
CLOUD -61.522935779816635 -128.02752293578004 4.100000000000001
CLOUD -59.229357798165225 -133.80642201834885 1.7000000000000004
CLOUD -46.66055045871548 -125.89174311926618 2.400000000000001
CLOUD -46.32568807339439 -133.36513761467845 4.200000000000001
CLOUD -57.51304347826088 -151.4478260869564 1.8000000000000003
CLOUD -53.895652173913035 -151.83478260869552 1.6000000000000003
CLOUD -50.447826086956496 -151.43043478260856 1.8000000000000003
CLOUD -54.32608695652174 -167.90000000000006 2.9000000000000012
CLOUD -54.47619047619048 -177.80952380952374 3.1000000000000014
CLOUD -54.53809523809525 -190.89999999999995 6.099999999999994
CLOUD -59.84246575342472 -163.61232876712313 1.3
CLOUD -47.676712328767024 -163.56986301369844 1.3
CLOUD -49.61111111111107 -202.4999999999999 3.2000000000000015
CLOUD -57.18888888888891 -206.26666666666628 3.5000000000000013
CLOUD -48.44444444444439 -209.76666666666657 3.100000000000001
CLOUD -56.34444444444447 -213.62222222222226 2.9000000000000012
CLOUD -51.133333333333304 -217.60000000000008 2.400000000000001
CLOUD -44.43333333333328 -198.17777777777775 3.3000000000000016
CLOUD -53.355555555555576 -226.46666666666664 5.099999999999998
CLOUD -38.499999999999815 -226.37777777777777 5.1999999999999975
CLOUD -53.444444444444464 -233.1222222222222 1.6000000000000003
CLOUD -38.18888888888869 -233.34444444444443 1.7000000000000004
CLOUD -46.13333333333332 -233.70000000000002 0.5
CLOUD -53.78888888888891 -240.48888888888882 5.1999999999999975
CLOUD -37.82941176470578 -240.5235294117647 5.599999999999996
CLOUD -54.2470588235295 -248.15882352941088 2.1000000000000005
CLOUD -37.341176470588124 -248.40000000000012 2.2000000000000006
CLOUD -54.241176470588215 -254.84705882352858 4.200000000000001
CLOUD -36.494117647058616 -255.00000000000009 3.900000000000002
CLOUD -46.235294117647015 -248.70588235294122 2.700000000000001
CLOUD -45.44067796610172 -271.816949152543 3.7000000000000015
CLOUD -34.8474576271185 -264.7966101694912 5.699999999999996
CLOUD -37.19322033898295 -279.92372881355976 6.299999999999994
CLOUD -40.95762711864402 -268.7322033898304 1.2999999999999998
CLOUD -55.355932203390005 -279.949152542373 5.899999999999995
CLOUD -56.749152542373075 -266.8983050847457 6.799999999999992
CLOUD -46.44237288135597 -281.25932203389834 2.700000000000001
CLOUD -22.293893129771067 -279.697709923664 5.1999999999999975
CLOUD -12.5152671755725 -278.5946564885496 4.4
CLOUD -4.7603053435113 -277.1549618320609 3.600000000000002
CLOUD 1.8099236641223897 -275.87022900763355 2.9000000000000012
CLOUD 6.565648854961967 -274.4381679389313 2.0000000000000004
CLOUD -14.316030534351299 -290.4816793893134 4.100000000000001
CLOUD -7.385496183206178 -288.3129770992368 3.3000000000000016
CLOUD -1.6580152671755775 -286.4152671755725 2.800000000000001
CLOUD 2.872519083969545 -284.61221374045795 2.3000000000000007
CLOUD 6.447328244274951 -282.9511450381679 1.8000000000000005
CLOUD -29.229166666666707 -279.7916666666667 1.4000000000000001
CLOUD 18.70940170940191 -271.945299145297 5.699999999999996
CLOUD 14.782905982906229 -283.80170940170984 6.199999999999994
CLOUD -7.867532467532551 -269.27662337662406 1.4000000000000001
CLOUD -35.254098360656336 -306.97049180327963 7.39999999999999
CLOUD -14.273770491803148 -306.81967213114706 6.8999999999999915
CLOUD -38.87049180327932 -329.1147540983607 8.599999999999985
CLOUD -13.273770491803152 -329.5622950819672 8.799999999999985
CLOUD -42.00000000000075 -356.0000000000008 10.799999999999978
CLOUD -11.786885245901434 -356.6606557377062 10.599999999999978
CLOUD -9.999999999999359 -386.0000000000017 12.79999999999997
CLOUD -44.00000000000028 -384.96666666666727 12.499999999999972
CLOUD -60.28529411764724 -152.29705882352943 0.6999999999999997
CLOUD -47.44705882352941 -152.2882352941176 0.7
CLOUD -40.457894736842064 -144.67368421052615 2.800000000000001
CLOUD -66.71578947368414 -144.52631578947373 2.700000000000001
